822234381603389400
860154890840133600
694945791518101500
861634236469719000
835299616362901500
858350673330614300
860470383740424200
839185216384208900
861841027056910300
860162432148402200
861885336347193300
861619256622030800
861884725656338400
861839760611999700
861885339757051900
861883624928329700
861551581157875700
861840025704579100
826490424739127300
861717381495668700
861672053270696000
861885343603335200
859378481938878500
861860916207464400
859336273286365200
861858999368417300
860653294091370500
809702844936884200
861885350750416900
861680315152179200
861852243179515900
861852011234504700
861748057804767200
861848714305916900
738462017414008800
861599446584488000
861687409347579900
861460164150526000
857176233385369600
861855832815935500
861622535561019400
860498102146478100
861885368399953900
861885368399835100
776868348596396000
832026275078234100
861630954292613100
861868915382784000
860915972739346400
861824165812121600
861844459620847600
821056542015418400
861550216503328800
861782979030298600
861632039442886700
861233555707265000
861885387668672500
861279688089579500
791244174708314100
861746001203400700
854810337903771600
861383218573983700
858040918137602000
860596103909175300
861191891844517900
861491087365374000
861522196556066800
860843975388930000
861635593893281800
861782826374488000
861674979028594700
861672561620463600
861793105183473700
861880885217562600
861696789120004100
861256519513501700
861631938070814700
861154719204606000
861557559232262100
861724220019134500
861782251444486100
857219133351624700
861542481703424000
861701029871706100
852216698363052000
861868397944082400
861131016580325400
853559653191622700
861782066354049000
861167588688240600
808449544530772000
861323696924786700
853231539592855600
861475777560358900
861845292131508200
853688149452652500
861622515646570500
861879302266253300
861885435718619100
861624933570535400
861619204977381400
835037761455419400
861881782676975600
861593526446039000
861617945679495200
861521138102538200
861559259263381500
861868494605910000
861781540040130600
861783464714088400
859752031703236600
860427908032213000
861779010149208000
861863065079480300
861610075542224900
861657004363984900
861885461765136400
861811738253164500
861867166282416100
860359927075942400
859801918289432600
861329633882406900
861778695320735700
861883877580841000
859351993038635000
861783234090123300
861576364243025900
807000774383374300
861836009423687700
852176728843800600
861818567057997800
861611900144103400
861326588952137700
861881199257677800
861551281646731300
861596559401668600
824396594493739000
834750069316448300
861885506992394200
853330334380810200
861885513636220900
860477840730599400
861562590828273700
861719730310307800
844163479296708600
861866807505936400
861854970559287300
861811616077185000
861830595780853800
861854333264162800
861820381967130600
861542093122019300
861885531440914400
860498528891682800
861672265569763300
861521260462952400
860548847885590500
861873096726384600
859881574019420200
663808246889582600
762656787237572600
792003858008539100
861840796135428100
861781719749230600
850295941253001200
839267611514921000
861670163418140700
861585617263743000
861841677564223500
820405399044128800
861847205170352100
861856776647520300
861338269040115700
861885569873391600
860543637041676300
861885570775121900
861609413693628400
861558809596117000
861883054121508900
861781213106720800
861885575527313400
741793767263440900
861885579205771300
861477442996678700
861552736030085100
861857587922382800
861798984532230100
861839050944151600
861846704429125600
861876632252022800
861556369354371100
861865708707340300
861779379566780400
861885598428262400
861739154916245500
859701128476450800
797559602816708600
860690842385821700
858921830211395600
826550650842411000
861516998706180100
861527134128492500
861862967687729200
859929844762783700
859852512467267600
794678679787937800
831894936043806700
861531707903791100
861676664186519600
827564692159791100
861610227229237200
859177439079149600
856618698420830200
861732125581750300
861612773448572900
829419588299452400
861873173696008200
861544864210616300
741337579165864000
857395222606745600
860887641000116200
861878321730265100
861834397116510200
861883848413544400
861885639658164200
861864568963739600
756610518023045100
850468235455672300
853306930965524500
822874640997457900
860309999158939600
861830471310753800
859734115465265200
861862952659537900
861521074286202900
861868487928680400
861812430372036600
861859013901905900
861885665658769400
861762880646946800
861885666333925400
861607512986005500
809460417726730200
860227326726086700
851695600135536600
861885686428966900
861535944272486400
861795975362302000
861594219424690200
856601966474121200
861688821347491800
861811681969659900
861672069699969000
810182775227592700
861807957507551200
857302329699205100
861885697988231200
861883358451822600
844634551343206400
834054113109348400
861885699519393800
861490954808807400
859592732305748000
861885708860092400
800564468266594300
861811680623423500
861355471172771800
861807957507551200
861889735320494100
840167401639575600
861688821347491800
861841027056910300
861611900144103400
861890381520265200
834160795000803300
861858999368417300
861795975362302000
859821607338074100
861879302266253300
861887167873916900
858689909707690000
861667459258089500
861830595780853800
861672069699969000
861675517765984300
861233555707265000
861878321730265100
861562590828273700
861890398720991200
861854333264162800
861890405071077400
861672287422095400
861557559232262100
761641737030819800
861890409202683900
861385670564208600
861890410049916900
861793105183473700
860148926426513400
861873167459131400
861289543546400800
861890414340649000
861384888850632700
861811681969659900
861840025704579100
861889078500962300
861676664186519600
861665407689773000
861865297384529900
838888550275801100
855466300625358800
861551281646731300
807346595725512700
860132283055059000
861887485378347000
826490424739127300
861653547909296100
861625218657288200
861860916207464400
861711465543118800
829028342666035200
814572090208596000
861836009423687700
861886565357940700
861500173964509200
861672561620463600
861542093122019300
781060236723519500
857298070035468300
856251842535227400
861711437411962900
830136964347093000
861746001203400700
861521074286202900
861759692594434000
850811717974192100
858921830211395600
861852239673077800
861856776647520300
861891058594185200
861538968441061400
861891117981343700
861891118077759500
861868494605910000
861865297384529900
861820381967130600
861886565357940700
861732311234105300
861876632252022800
861884725656338400
859699807698530300
801111832102436900
861793105183473700
861539955813879800
826490424739127300
811299631862861800
861571382026453000
860996711040397300
861891138776649700
861847205170352100
861811749430972400
861858994650054700
861840025704579100
860517148149645300
861883929271439400
861562590828273700
665261844802756600
861871317603110900
861577168186376200
807346595725512700
858455865816490000
861860916207464400
840328987016589300
860908264485204000
861674801248837600
861190565605584900
861585617263743000
861572767338172400
860162432148402200
848008323001602000
861713126705778700
858420249481416700
861824165812121600
840548039299330000
861632039442886700
861868487928680400
861604454654758900
861878321730265100
861763076995108900
860853075631722500
861841027056910300
847188776380125200
860953304276271100
833695974426026000
861891176974233600
861854333264162800
861879302266253300
793773080120176600
861491087365374000
767059126681800700
861885699519393800
861844933933637600
861844459620847600
861891192488898600
861474810202910700
857995515270746100
861842653520031700
861846704429125600
861868915382784000
861596559401668600
861881199257677800
860934144502771700
678847401428443100
581851599930306600
861589008366747600
842072933971439600
861506217704927200
733308207863599100
861841937581604900
861891218904690700
861748057804767200
861818567057997800
861889735320494100
861772972771741700
859856727101108200
804710671044714500
799356462397096000
861891227859505200
861552736030085100
861852011234504700
855439533541806100
855496578190237700
861622515646570500
761791390778929200
861256519513501700
855541677792145400
861872294037213200
860864739425091600
859165540216188900
861891254698872800
861355021799129100
829072745182867500
861885132415828000
841654120457093100
861891259664748500
861724220019134500
861854970559287300
798767648645316600
861557559232262100
859752031703236600
801108653755498500
861891269332750300
842108147921637400
739503276756983800
861551581157875700
861845292131508200
861770705700098000
861891276496490500
861755191837823000
859680240284651500
861513507333955600
861891282641317900
840246133066629100
852937526507712500
861125980617703400
831347214765023200
829060422288371700
861550216503328800
861210874123628500
861646063505199100
724347025144213500
859105412020392000
861891299154251800
861845816083976200
492308323555745800
861888468095569900
860510629802762200
859286410007904300
861868365534691300
654756212278362100
851026206917091300
860207857161035800
861747823527825400
649947712297668600
861891323800023000
861835125725769700
861856800999714800
573808195631734800
861574047846543400
861891328270938100
861891328216408000
861891328145186800
861891328313110500
861608704759799800
861762666678956000
861891328233177100
861891328480747500
861551281646731300
860177404597239800
861781719749230600
861863065079480300
861777760179675100
858055658058514400
860911371990577200
811805920451817500
857176233385369600
861872265633423400
861611031881171000
776556475980378100
861779379566780400
830959708718714900
861825565581615100
858413448933380100
861891487679885300
858921830211395600
861746001203400700
855439454760304600
861845816083976200
861883624928329700
861793105183473700
859693025643167700
861719730310307800
861873167459131400
861892569713721300
861841027056910300
861840025704579100
861860916207464400
861868397944082400
853611823072804900
861892573832462300
861859283800965100
861632039442886700
861672069699969000
861748057804767200
861820381967130600
861878321730265100
861876028259676200
861892584989499400
861750003060035600
861680315152179200
759461904045764600
861694351293993000
861550216503328800
861892590542741500
861892592748843000
761648728201539600
861853616520306700
861561863162576900
814503192507678700
861475759193342000
860524613008228400
861892603578531800
861842156784373800
858284680071848000
861865297384529900
861891058594185200
861856800999714800
861892613414174700
842727241805045800
786732917607182300
861551263908896800
798476950733987800
845448918766960600
861622515646570500
857399223943401500
861879302266253300
858689909707690000
860835627536973800
861862039450521600
861886565357940700
861834418574512100
861802704821211100
861551281646731300
859079924056903700
861868494605910000
858042653304393700
861853348814868500
861218878948610000
859980898111860700
813795175717806100
861672561620463600
842055484202967000
861886673055084500
861892651976708100
861863065079480300
861781213106720800
861876632252022800
616800293091680300
861892660788740100
860056700539351000
861585617263743000
860873627864109000
861889078500962300
861818567057997800
861889735320494100
861892677721370600
861620663190270000
861783234090123300
859542943501340700
861892683509276700
861687409347579900
741676426437361700
854025412372045800
861854970559287300
860517148149645300
861810582575611900
861852424901972000
808684395708215300
861572793887899600
850025635028369400
861782826374488000
861892700345335800
860265668708642800
859925530367459300
861698216433250300
857302329699205100
861811681969659900
861516998706180100
861672265569763300
860596103909175300
860480203126177800
861023281838772200
861696789120004100
861755191837823000
800164559994650600
861849491292467200
861732311234105300
854025525790216200
861830471310753800
861672053270696000
846783996725899300
861053733219815400
861531707903791100
861892730175328300
861506367709950000
861892086202806300
861856776647520300
861781719749230600
847188776380125200
861857105485197300
857288397538439200
679799249350062100
861295073849376800
860455872035795000
861596559401668600
861545346039676900
861511127896862700
861834663928766500
861875988636061700
859954994014855200
852937526507712500
861663497112965100
854025588134346800
861698037869142000
861854333264162800
860080385748865000
860524610453999600
861658284339716100
861256519513501700
861885699519393800
861761007340757000
861542093122019300
857861266290995200
861832859794808800
861892787377119200
861834397116510200
861713628126490600
861836009423687700
861234928754851800
861845292131508200
788313841402871800
827667663489028100
861839270818054100
861324776299786200
807346595725512700
861868915382784000
860871789710323700
857167255536373800
861895793904685000
861830756376748000
861805309744083000
860162432148402200
861840025704579100
861634955213807600
861500173964509200
860012929155874800
861844459620847600
861913227478749200
861748057804767200
861880945674244100
861913230955950100
861896870515400700
861913165701017600
860768490441125900
861910747965771800
859699807698530300
861913237561811000
851517948686737400
861694351293993000
861909786308350000
861908430394708000
861868397944082400
861913117961408500
861773350384926700
861891897811513300
861352163343294500
861876632252022800
861672069699969000
861793105183473700
861913258218991600
861477442996678700
861912071017046000
861879789040357400
861550216503328800
861886565357940700
861913082716704800
861719730310307800
860491541089062900
861624933570535400
861198610700132400
861891487679885300
861901817977995300
861841027056910300
861898131319009300
861913047471984600
861672561620463600
861726547190976500
859346805699604500
861746001203400700
861551281646731300
861896350165856300
861818567057997800
861913010021032000
861889735320494100
861909921977204700
861887167873916900
861836009423687700
860498528891682800
861858999368417300
861366795260887000
861632039442886700
861912978379165700
861880769987391500
861873096726384600
861880180259901400
861854970559287300
861898549545414700
861913311931240400
861881782676975600
861481502353260500
861912947953631200
861883624928329700
861355471172771800
861557052157702100
861852011234504700
861860916207464400
861811681969659900
861898770031751200
861912915745665000
861551581157875700
861512278692286500
861732311234105300
861906903294767100
861913335905890300
861879302266253300
861531707903791100
861522196556066800
861902351464099800
861676664186519600
861912038263726100
861552736030085100
861905573297705000
861856776647520300
861912849748074500
861118342274404400
861868487928680400
861491087365374000
861913213750915100
861492887011287000
861596559401668600
855411899847987200
861913385256063000
859444311095750700
857868285995606000
860578217488523300
861893447527129100
861911983096037400
857496242389233700
857176233385369600
861795975362302000
861878321730265100
861658284339716100
859625520606171100
861548230407934000
861853616520306700
861658963183493100
861912641945575400
861913172353187800
861561863162576900
861913413794107400
861337372356751400
861863065079480300
861913419707842600
861512496582205400
861874918136401900
861751179054731300
861894361461739500
850295941253001200
861732125581750300
861901446962458600
861912508420042800
861870103578759200
861850181817573400
860359927075942400
861868494605910000
861301814569861100
861173783658475500
861558881977237500
860554391824121900
861143710909771800
861816510720991200
861845292131508200
861680054769786900
861907544935211000
861912469673041900
861545346039676900
860604299482734600
861888732177326100
860449121165070300
861319851469656000
861865297384529900
861912431047651300
861868365534691300
861820381967130600
861898472596918300
861909681761136600
861854333264162800
859788274822500400
861912390564294700
861506756974739500
861634236469719000
861488373902520300
861857105485197300
861906671165206500
861912345832038400
861872265633423400
861448603071639600
861483137804771300
861278610791034900
861534899949494300
861834397116510200
861458720810704900
861898552305360900
861912297622700000
860418800948301800
861901833647861800
857632188317261800
861830595780853800
861601949376024600
861885699519393800
861912256119963600
861900683053641700
861525073940885500
861913539178410000
861912215103959000
861911556761595900
861868611522232300
861574047846543400
861760266157076500
861896907383332900
861913558430429200
861521138102538200
861909299861360600
860904640598220800
861483663741112300
861662046097743900
851695600135536600
861490954808807400
861527134128492500
861913583436910600
861680972512845800
861898547943415800
861913587866120200
861696789120004100
861233555707265000
861170073574178800
861860040155770900
861711465543118800
861326588952137700
861699786659024900
858921830211395600
861912104013615100
861807957507551200
861910261321609200
861907787969953800
854590607792242700
861913628420710400
861852616845930500
858477205856321500
861762880646946800
861715659385950200
861913642110926800
860517148149645300
859724269521170400
861554999100309500
861913649492840400
841199152507805700
858296124058116100
861311390576980000
861911067043270700
861515020621856800
861687409347579900
735123026807783400
861154138746490900
861913669621428200
861478574200680400
861221588208951300
861777760179675100
861910136071311400
861504549202407400
861893321953861600
861868915382784000
861572767338172400
860895622618021900
861604344155840500
861528873359388700
861912563252174800
861762666678956000
861898804836024300
861903640461811700
861913707709968400
861913707047202800
861627132132413400
858623696445034500
861474792678895600
861811749430972400
861911435516969000
861571382026453000
859830085653864400
861896827620044800
861898777589887000
860992832567472100
861903506214670300
861913732682854400
859444854295756800
861485257803083800
861913737376280600
861657004363984900
861542093122019300
861859133439529000
861913749388759000
861909239127724000
861913753088032800
861839270818054100
861717381495668700
861913756770631700
861687160373510100
861902341762682900
861907925366968300
861913760340078600
861661162273898500
860970434505977900
861645935234785300
861913772050575400
861603441470312400
861825168267673600
861913779591757800
861484072023060500
861905841791746000
861824165812121600
861913785891553300
861830471310753800
861913787439263700
861568730102476800
861665407689773000
861913807282634800
859750346297442300
861654788458639400
861906110499913700
861861476247756800
861891058594185200
861173254781841400
861913824202457100
861562590828273700
861913834021322800
860470383740424200
861853239981072400
861834418574512100
861913839218151400
859856727101108200
861875570879156200
861886673055084500
861537436844908500
861221476590125000
861913867361955800
861581811406839800
861913876325163000
861565332619702300
861662545412857900
861487042374643700
861297584954114000
861893354493276200
861780715201056800
861907976486961200
861461378833555500
861741464451264500
861664509710262300
861604454654758900
861426642954014700
861913909565022200
860596103909175300
861593364503900200
860101847138398200
861234910518014000
861909626098462700
861003989445464000
861634608768483300
861900701047369700
861913939302658000
861713628126490600
859891456345075700
861860939674603500
860421996718559200
861279468605718500
860414506815680500
861859675935043600
860112130305077200
861631693597311000
861913962736123900
861651259987828700
861912973924872200
861653749084942300
861816779223572500
861536312406442000
861913985133690900
861713126705778700
861867166282416100
861873419478073300
861672265569763300
861612773448572900
861912659477897200
860978366547193900
861846344151040000
861873167459131400
861914011088113700
860925316524650500
861705083884625900
861914021255139300
861580019600154600
861914021896876000
860884730216099800
861841937581604900
860796414867144700
859143096063451100
861868853839659000
860198217664823300
861566506773225500
860086826715025400
861779379566780400
846945233984241700
859883078210269200
861474810202910700
861707952826318800
861873173696008200
826490424739127300
861742044913442800
861829339431743500
859503389268377600
861868279333359600
861678036818722800
842345272919367700
859622113099083800
860049614224937000
859439160859480000
861615753442852900
742143420160823300
861436106344087600
861611900144103400
861390356213936100
860183144460365800
857175504134295600
861862039450521600
859140128853434400
861884796523479000
861630954292613100
859433485987180500
861845173906616300
861914145708548100
861884725656338400
861208784215191600
861622535561019400
851748744290865200
861902062430376000
861496754239414300
861517007816192000
859117198975152100
861844933933637600
861914164499013600
861848693921783800
861842653520031700
859067027717320700
858635500508282900
861914185097257000
850025635028369400
861914187261464600
861847205170352100
861888431823212500
859685339140673500
861914196526612500
861711437411962900
861914198074372100
861460657761173500
861893359895330800
858365690130178000
861610972934492200
861506217704927200
861521074286202900
861914221851930600
861902556515139600
856501029998919700
861914235827351600
858263865553023000
858068542658367500
860403815547375600
857967360623378400
861914261722996700
850325017636343800
861914276578984000
860043292720848900
860412630137278500
856877574198374400
860126648707850200
861475777560358900
858862204573151200
861747823527825400
861836159311335400
861498861151412200
861914308191637500
860397780090712000
861914326680166400
861832859794808800
812475168400384000
855327782787629000
861650330752131100
861617945679495200
860397653028253700
857735588924899300
861811738253164500
861610320317608000
861914351703384000
861811680623423500
861914357600587800
861811616077185000
858689909707690000
861828127420448800
853992341534900200
860154890840133600
861384888850632700
861615684060667900
861914379415150600
861697416227106800
861859013901905900
829401927460986900
861845800657268700
861914384536227800
861544598157578200
861853529262219300
860132212884287500
861914395420610600
858400469659656200
861131136717602800
858326256101675000
861762759679246300
861887303442026500
861589008366747600
861785625162166300
861561083139698700
860265668708642800
861914439808897000
861694160989978600
861914441641861100
859847243624591400
718238160485019600
861173917477732400
830122981296898000
861741008979198000
860953304276271100
861498410121265200
829027006578774000
861883496066953200
860467947864825900
861914473614909400
861579540652576800
860434524521582600
852853961371471900
861673943979184100
861914484146876400
861781440953897000
861506367709950000
859502753319661600
861517229048856600
853733262845501400
860947441310466000
860453771964559400
860282898263552000
861636362159571000
861521260462952400
861570049722769400
861761007340757000
861779201845841900
860426366239428600
828394767893590000
861914515885117400
860246614727897100
861914527264264200
850707067711234000
859793568545853400
861672053270696000
854675119020458000
861619256622030800
861505968500334600
861914539075489800
861914539616555000
861545466793607200
861611875032805400
860425231814590500
859920509328293900
861884460161171500
830136964347093000
861914572638355500
859680240284651500
861838385694093300
861653547909296100
824168842066849800
857281649272377300
861538695182245900
857986455695761400
861859283800965100
847904576967548900
686039214782328800
857302329699205100
861914608763887600
861663635114008600
859740523258576900
778692629198352400
861885132415828000
861644552267944000
859854789743652900
861585617263743000
861190565605584900
861795113026113500
857995466973225000
859689219761066000
861608704759799800
861661984911052800
861355021799129100
860388880004022300
859286347034628100
861914655811350500
860938444012474400
861835125725769700
861651244951253000
860796304925970400
861893274545598500
861529286162997200
861565890000826400
861538730527666200
860044336012120000
761999100808134700
860497766342176800
861610470196826100
847058947689402400
861607512986005500
861914709846609900
859370477965508600
808420121437798400
779719803258990600
861791369161039900
861914722748293100
859687989106139100
861583553355817000
860768843010109400
722528032007811100
861856800999714800
860540785615396900
844910672941105200
812128535179497500
861023281838772200
861475759193342000
860955491144433700
861914751458259000
860861089982160900
808391320083566600
508035857400746000
861732647978061800
861914764712308700
618111321024950300
861630662280925200
861130607149154300
861767286427799600
861848714305916900
861914776066281500
861914779052634100
804710671044714500
798669604054822900
861480847932784600
861702318609313800
861914790624735200
861899310174150700
861324776299786200
861914805329940500
861914810627350500
860453633309253600
839185216384208900
861515771343544300
861573631431893000
860524613008228400
861516998706180100
857324580360343600
861914831447875600
845523015303675900
860253632524161000
861511697772806100
861295073849376800
861511606802493400
857199586691219500
860534982305099800
861004851119050800
861599446584488000
861551519786819600
861538906977775600
861475963762348000
861810582575611900
861914868215144400
861639964475490300
793743292622135300
861900189036159000
637307989146402800
753019931147378700
860148926426513400
861877284483063800
859378481938878500
861581468161658900
861560893208838100
861577168186376200
861910382289576000
861219406256513000
860879137627656200
844818688955990000
861620476547919900
860873627864109000
861558809596117000
861568326509711400
861536292408000500
861914910929899500
861914912456626200
861265936044761100
861690618124415000
514483848919658500
861914917426933800
861914920656437200
861905820140830700
850343321511886800
816828002122297300
854113770418782200
859391632680079400
856810031479705600
861883486617178100
798559441654284300
861755191837823000
861914954865225700
788787003223601200
848621413430952000
861892086202806300
677564442142490600
860056448503558100
861393816082829300
860872416171626500
776193561972842500
861513507333955600
861914966705811500
858706322950377500
710828772660936700
861383218573983700
861592334798118900
861873082939695100
856848665729781800
861879076818223100
861234928754851800
837776087664975900
860582582425178100
859438136224567300
860759654758051800
861915001354891300
861278365101289500
861404588964028400
861915005775687700
861864590325448700
861663287959793700
853313494808178700
860947661851152400
821024659823099900
860615927276163100
857925989900451800
860159529128009700
524642891839176700
861836950239494100
860456593565134800
859123639135998000
861834663928766500
861865191985872900
861663238743879700
861661658367774700
861247121667784700
651436740851273700
861915052127006700
859700099085217800
860373687576518700
861915060968489000
861784448085274600
861915065120948200
703234868503646200
856809969705943000
858425678215225300
861838151299588100
861557559232262100
810858631633797100
847274135113744400
861865466360451100
861915101586227200
861650713809702900
861189136803397600
812687307732086800
861136170306211800
860449001010638800
861881199257677800
861643182303531000
854777914490892300
861518577408593900
818937846593679400
813955418187821000
861724220019134500
861688821347491800
860328706052685800
857134722140561400
861622515646570500
859482857688977400
861904900506218500
847188776380125200
861813108590997500
861299048409702400
861915147987714000
856538778575437800
860932205333422100
861915149468405800
765236501881860100
861594219424690200
861915153318658000
861754117403889700
861610227229237200
861021828780773400
861915171005931500
861904505075642400
860237861123215400
860399846964035600
861535305459007500
861519305942458400
861915192107683800
860390003498770400
861480759533740000
861899458723893200
740290552613109800
861479691424845800
861506971220021200
861352038382399500
861670163418140700
861853504146722800
861915225603354600
861895810010804200
806506677000437800
861915233438363600
861838151106658300
861915238139965400
855471418724819000
826234367512965100
830023938310705200
861915257522049000
861191891844517900
861537772095623200
851819469123055600
861698216433250300
859762135731187700
860803220800753700
861915277457580000
861619204977381400
861915288924823600
861915284319461400
659418202405998600
861915292070555600
861915296059203600
860133701035929600
861385670564208600
685476565820420100
861839050944151600
860322060316409900
861700426785280000
861915325624930300
861908102970568700
861292937723904000
861915333803728900
774665269201539100
857654639965212700
861915336932589600
861875988636061700
861915339713634300
858730299307561000
858999656487026700
861423020585480200
861604909023625200
861915345468174300
861407310413008900
802210258575904800
861915349343768600
861648664653180900
858252118398046200
861513774687301600
861323208326344700
861870603472695300
861888328882368500
861907394791604200
861857899903164400
846459737449246700
861915381207900200
859512171352342500
858739849918005200
843796048325820400
838694827361468400
859212849771458600
861854216222060500
856849685717237800
850385182750277600
861915411155124200
861912882249953300
861781719749230600
859793717770821600
861915424107221000
861952060534739000
861880945674244100
859440202561069000
861952062455779300
861521260462952400
861841027056910300
861698216433250300
858296124058116100
861522196556066800
861742044913442800
861550216503328800
860070525657391100
861424101671489500
774325003852533800
861795975362302000
861943852940361700
861930052392497200
861941454830157800
497364822053249000
861672069699969000
861583553355817000
860062593846829000
861905841791746000
861908430394708000
861732125581750300
861836009423687700
861952081275617300
861951392956764200
861573039338790900
861906101167468500
861943877967773700
861885699519393800
861860916207464400
861278610791034900
861840025704579100
861505615402647600
861748057804767200
859705091619778600
860947661851152400
861689662888345600
861536462172545000
861949723917393900
861909921977204700
860582582425178100
859363237556629500
861935951844696000
861952100548444200
861793105183473700
861949317363507200
861868365534691300
861937357318217700
860154890840133600
860524517109637100
861938982363562000
861947883544756200
861883624928329700
861632039442886700
861672265569763300
861694351293993000
861878321730265100
861857899903164400
762376742082347000
861948376392355800
861663497112965100
859725693395054600
861661162273898500
861868915382784000
861928770235662300
861593364503900200
861899886991740900
861858999368417300
861898131319009300
861943866961932300
861190565605584900
861907544935211000
854937859878506500
622064478570573800
861943892408664000
861746001203400700
861645935234785300
828005760751673300
861947783154081800
861695117941518300
850840549334671400
861672561620463600
861713628126490600
861920836047040500
861914920656437200
861900733557293000
851818941131485200
785187272610177000
857302329699205100
861900765538811900
861697416227106800
861920662797070300
861634236469719000
861900797776347100
841682074322985000
826158060754305000
861949103319732200
860622014805139500
861713126705778700
861893274545598500
783562441271701500
860132283055059000
861906671165206500
861557300355625000
861900636496945200
778692629198352400
861891897811513300
861900666343612400
861521074286202900
861939560133124100
861603489696415700
861946073140543500
861951492768616400
861939227529015300
861952195457101800
861547115742457900
861630954292613100
859771731321421800
860604742929657900
861898549545414700
859408789208002600
861923673866940400
861898552305360900
861690618124415000
861862039450521600
861568730102476800
860904640598220800
860803509192712200
861884767767339000
861952219708575700
861552736030085100
861811738253164500
861856776647520300
858921830211395600
860465776360403000
783762443080114200
861867166282416100
860932205333422100
860564072940449800
861561083139698700
861952227791032300
861952227417636900
861937751566016500
852992228624650200
861324776299786200
807346595725512700
861913824202457100
861622535561019400
861191891844517900
861811680623423500
859724269521170400
847316142720860200
860953304276271100
861859283800965100
861952243611947000
861879789040357400
855327782787629000
861936418691711000
859830085653864400
847874782305669100
861952253380481000
861773311956717600
861903640461811700
861898547943415800
511072303359090700
861696187853918200
861952263782322200
860759654758051800
802240727086493700
861886565357940700
860417199542079500
861952277963300900
861881199257677800
861494679585607700
859700099085217800
854755311680356400
861952286330949600
858252118398046200
861937625174880300
798767648645316600
861891487679885300
861952293192597500
860368773290881000
859444854295756800
858353347551776800
861599446584488000
861952301141020700
856359568414310400
861952305838649300
826490424739127300
860506578595835900
861921774832947200
861793105183473700
861860916207464400
856809969705943000
799356462397096000
829426058487283700
861732311234105300
840878214264295400
861914920656437200
861943877967773700
861940828779851800
859436051655532500
844951479232467000
861879302266253300
861928754443989000
857302329699205100
861881199257677800
859804678858715100
861550216503328800
780523601984364500
860478327903092700
861951392956764200
849153756201599000
861719730310307800
845925192278851600
847834919082401800
861844459620847600
861947783154081800
861695117941518300
857639567339421700
861496710492717000
860690842385821700
861600361957740500
861934400740614100
861859283800965100
861484072023060500
861952907658252300
861943866961932300
861952910061711400
827667663489028100
861952912083300400
861943852940361700
861936215934763000
861632039442886700
861908430394708000
861947883544756200
819227389137973200
857861266290995200
861249311815987200
861337372356751400
861938982363562000
861898547943415800
860477840730599400
861854333264162800
861690618124415000
830099062317785100
861933374214197200
861898770031751200
861920612633235500
861927625287241700
861738452852760600
861942297788862500
859718553477435400
861907544935211000
859936370520969200
859003734721998800
861755191837823000
861744534065000400
861763076995108900
861527134128492500
861900683053641700
857497105828634600
861736232962936800
861840025704579100
861949723917393900
861743612085850100
861748057804767200
798767648645316600
861887303442026500
861949723917393900
861748057804767200
824168842066849800
861930052392497200
861953440540438500
861811738253164500
861564994722435100
861841027056910300
861385670564208600
861672561620463600
861852011234504700
861943877967773700
860934144502771700
861793105183473700
861903577127596000
861908430394708000
861922873073705000
861781540040130600
860043292720848900
861953458877984800
859705423632498700
861947783154081800
861662545412857900
861672069699969000
861761007340757000
861853504146722800
859821794643124200
861953464548683800
861922175393181700
861746001203400700
861898770031751200
861840025704579100
861953470634623000
861947883544756200
861609413693628400
861658963183493100
861545466793607200
861953477769125900
861694066081378300
861551281646731300
861933599993606100
861953247954817000
861937625174880300
861951944516141000
861938982363562000
861891487679885300
861782066354049000
861324776299786200
861622535561019400
861557559232262100
861951392956764200
859801484908691500
859738994409603100
857176950502297600
861921774832947200
861711648897343500
861937751566016500
861522190864457700
861742044913442800
861914920656437200
861953511147360300
861929334726176800
861722933089247200
814775997090263000
861915900131278800
861805309744083000
861854970559287300
861782251444486100
860953304276271100
861599063199895600
861251536185434100
861811616077185000
861951492768616400
861841140663947300
861889735320494100
861645509332742100
854343008652845000
826490424739127300
861782826374488000
861855832815935500
861953545146335200
861688821347491800
861953547147108400
861782979030298600
861947463598583800
857997405538701300
861868853839659000
861938593799045100
861618110822064100
861949317363507200
861898777589887000
861672053270696000
861783234090123300
861820381967130600
861612773448572900
860101847138398200
861140065992527900
861940708806193200
861552736030085100
860162432148402200
861604454654758900
861953571398537200
828755184352374800
861813508341674000
861484072023060500
861898547943415800
861953587135397900
861352924496244700
861910261321609200
861953595348054000
861551992111595500
861586807741337600
861937189369806800
861426642954014700
779719803258990600
861944938728226800
860947661851152400
861773269225140200
861918264464736300
861898804836024300
861687409347579900
861527134128492500
861818567057997800
856318803642331100
861500173964509200
861491087365374000
857991021606481900
861913112060063700
861583553355817000
861953625739976700
859482272717733900
860450206013419500
861936418691711000
861953633818226700
854533466658091000
861928754443989000
771288156087910400
861953641275686900
861941741389303800
861880945674244100
861515771343544300
861885699519393800
861642375415910400
861912071017046000
861550216503328800
861887167873916900
856531421371945000
861953660942770200
856460482466787300
861683387089788900
861898552305360900
861884725656338400
861898131319009300
861947376243793900
861868487928680400
861910382289576000
861901817977995300
861838385694093300
861900701047369700
861919682219065300
861690618124415000
861921508964290600
861491125995044900
861702274179113000
861943852940361700
860509599509696500
847177508558721000
861906671165206500
861952750602653700
861856776647520300
859839652479606800
861719730310307800
861581793014710300
821152609130123300
861927504306733000
861641093938638800
860201777098088400
861703112255565800
860504488536395800
861928103941210100
861943866961932300
811255155115036700
835200327360053200
861521074286202900
861346153962635300
856583651722539000
861845292131508200
861953732589883400
861836009423687700
861860916207464400
861905841791746000
859333148722827300
861676545261396000
861953735223803900
861645935234785300
861632039442886700
861880180259901400
861558810485420000
861909299861360600
853040245474033700
860086929974599700
861522196556066800
861953767599636500
861953768501293000
677273450101276700
861844459620847600
861793105183473700
741676426437361700
860112130305077200
860421820603936800
861953163028574200
861930052392497200
859136717797769200
860421996718559200
861841027056910300
840109402560503800
861506756974739500
861612773448572900
861913824202457100
861845292131508200
861840025704579100
861943852940361700
861687409347579900
861574047846543400
861951392956764200
861784599478890500
789557000011120600
861926354492719100
859508348361650200
861608704759799800
860185961690308600
861928770235662300
861603441470312400
861545466793607200
861955384994652200
861835125725769700
861915900131278800
855422288463892500
861955515961802800
861615753442852900
861488373902520300
861948140819230700
861875988636061700
860477840730599400
861863065079480300
861859509605724200
861622535561019400
861943877967773700
861922873073705000
860267487715360800
861553500672622600
861643182303531000
861630662280925200
861480580311113700
861694351293993000
858953693072425000
861862039450521600
861923016233566200
861868365534691300
789574332972408800
861675517765984300
861914920656437200
859539714273153000
860196083976339500
861944271657726000
861596559401668600
842367243568701400
861832859794808800
861550216503328800
859444311095750700
861879302266253300
861622515646570500
861955550095003600
861955551021989900
861676664186519600
824463982467616800
861672561620463600
851148211494543400
861697416227106800
849265376596832300
861672069699969000
853715124716228600
861891487679885300
861479691424845800
860426366218518500
861126423871987700
861829339431743500
861858999368417300
861955566809296900
861522190864457700
861859013901905900
861683387089788900
861773350384926700
861955570701652000
861936190785716200
861657004363984900
861947883544756200
861711648897343500
859686166295085000
861542481703424000
861746001203400700
861947783154081800
861904900506218500
861854970559287300
860947661851152400
861593364503900200
861949723917393900
797888034804940800
861670163418140700
690273711048507400
861551263908896800
860525995497062400
861876632252022800
790517045469319200
814778059479842800
861936171055812600
861748057804767200
861955605644312600
859689219761066000
861892975382716400
861131016580325400
725693653436358700
861933853140824000
861943866961932300
861946276400816100
861484072023060500
861928754443989000
860946559189626900
861930003004444700
861929225980452900
859731836737663000
861648664653180900
861522196556066800
861928103941210100
861955623784763400
860393671119835100
531136604937547800
861955627542880300
857632188317261800
861856776647520300
807253907374280700
861898547943415800
861955643598659600
860904640598220800
861886565357940700
861820381967130600
861955648312852500
768256144154370000
861839050944151600
861690618124415000
861860040155770900
861755191837823000
861913756770631700
861705083884625900
861571382026453000
861939207673184300
861898770031751200
855832425200529400
861632039442886700
861953768501293000
861843916018077700
861898131319009300
861568730102476800
860953304276271100
859710593699381200
860397745311535100
861868915382784000
859905447595311100
859845774817067000
861921774832947200
861898552305360900
861836009423687700
861950640850952200
728631516130123800
861944333196513300
861762759679246300
778692629198352400
861923175889862700
861938982363562000
860924640843018200
861936418691711000
859573735304638500
861955045335605200
828874688738783200
861873082939695100
861943684912361500
861940828779851800
861625805797019600
861955710053167100
859699807698530300
861610972934492200
850295941253001200
827155256085721100
861950127946313700
861955719930818600
860955491144433700
861278610791034900
857302329699205100
813927550187663400
861955732987674600
807198367210205200
861951813507051500
861930193136517100
861885699519393800
861846704429125600
861505615402647600
861860916207464400
846783468898017300
861709026458992600
850326325663592400
861956413723168800
861956414281048000
850414384925036500
861593364503900200
861898804836024300
861898770031751200
861712568460599300
858658478876917800
861818567057997800
861874918136401900
818509565352284200
861956426180251600
850025635028369400
861956427841228800
861909921977204700
861426642954014700
826606512915128300
860953304276271100
861627748871061500
861588696092491800
861885699519393800
860086929974599700
861914920656437200
861915284319461400
861941828236562400
861875988636061700
861955384994652200
861355471172771800
826490424739127300
861930052392497200
861907787969953800
861943877967773700
861651855272804400
861898547943415800
861793105183473700
656924315036856300
861956449924206600
861711648897343500
861956452809879600
861951392956764200
861954283436036100
861574047846543400
861550216503328800
813851990186922000
861401768638468100
861661162273898500
850528721803071500
861746001203400700
860933212276629500
861839760611999700
861907544935211000
861956465107578900
860177326415458300
861762880646946800
861891487679885300
798767648645316600
860035016629379100
861943852940361700
622133840379666400
861506367709950000
861873082939695100
861670163418140700
861841027056910300
861622535561019400
861868487928680400
861687409347579900
861840025704579100
861138868988522500
859326093819596800
861623328489877500
645719790745714700
861672561620463600
861873096726384600
861912071017046000
861949066778947600
857735588924899300
861873419478073300
861956197242593300
861902351464099800
861895793904685000
861863065079480300
861956510829731800
860559481893257200
861899886991740900
861923175889862700
861908486149599200
854039264442691600
861908430394708000
861748057804767200
861683387089788900
861558809596117000
861949723917393900
861906671165206500
861584577873293300
861915349343768600
861690618124415000
861956526587752400
834905713143009300
861938982363562000
861568730102476800
860970434505977900
843930351504384000
861632039442886700
861663635114008600
861854333264162800
861922873073705000
861601556612997100
860462183246909400
860576117568045000
813073819724353500
861923016233566200
861545214179192800
861956549970989000
861329633882406900
861821618418589700
861956552563011600
861956553221558300
861956554823749600
861834418574512100
861937357318217700
861830595780853800
861522196556066800
859444311095750700
861502923666272300
861664554530603000
861755191837823000
861920078299672600
861566714076692500
861596559401668600
861583553355817000
860578217488523300
861552736030085100
853733262845501400
858692895951519700
861854970559287300
861845292131508200
861956580031574000
861956581436530700
847054871555702800
860162432148402200
860449001010638800
861159091972042800
861361516531990500
860132283055059000
861951548678709200
861811749430972400
861811738253164500
861939227529015300
861956598285168600
861624933570535400
861564822806253600
861956602529804300
861940828779851800
860099207801315300
861206585439391700
861856800999714800
861672069699969000
861676664186519600
856533823084953600
861898549545414700
861668021965918200
861904900506218500
860864739425091600
861951849707978800
861811681969659900
861905841791746000
861931224012554200
861956638592389100
861905995181830100
854688744967999500
861956645034897400
861905878928293900
861836009423687700
861622515646570500
861657004363984900
861841677564223500
861956654371291100
861907925366968300
861956656078499800
859718553477435400
861956657483591700
861908102970568700
861913824202457100
861935951844696000
836629024038346800
859352846764060700
861908621466247200
861956666207514600
861886673055084500
861847205170352100
861631495710154800
861910382289576000
861694066081378300
858703184579219500
861605883855462400
859266355261984800
861741795306127400
861898552305360900
724310697266409500
861348669517434900
861956684360675300
861811616077185000
861859520464777200
861937625174880300
861975675259019300
861975555050221600
842375362428432400
858961694135132200
861975680564809700
861568730102476800
861959826666074100
861793105183473700
861972067100569600
861873167459131400
861975683077222400
861958130682540000
861975684574572500
861841027056910300
861329633882406900
861975684427771900
861938982363562000
861773311956717600
861880945674244100
861840025704579100
861875988636061700
861385670564208600
861974088293732400
860955491144433700
861908430394708000
861913756770631700
861672071251632100
861942297788862500
861965547650633700
860162432148402200
859212849771458600
861958642412785700
851695600135536600
861974835227971600
860078962667642900
861967666201940000
861746001203400700
861898552305360900
861975705348751400
861755191837823000
861845816083976200
861974867159253000
861975708511457300
861962781142261800
861607512986005500
860101847138398200
861975713582395400
861943877967773700
861975715809570800
861759746751070200
861841140663947300
861974624086761500
860099207801315300
861975722138763300
861696187853918200
860156490832891900
861604700411625500
861975725573845000
861748057804767200
861886565357940700
861700236539867100
860000954350878700
861974157122207700
859709185503711200
861959008449646600
860917105415376900
861672561620463600
861965821526016000
861950640850952200
861733629399097300
861876632252022800
824168842066849800
826490424739127300
861853298009272300
860418895915647000
861975767781171200
861975768359989200
861603441470312400
861975772549873700
861635593893281800
861944938728226800
861672069699969000
861633456698249200
860482131285475300
860803220800753700
861506367709950000
861940828779851800
861828127420448800
855911295438270500
861857105485197300
861484072023060500
860506578595835900
861856800999714800
861896350165856300
861657004363984900
860829776738648000
861580908620431400
861811738253164500
858622122041765900
861898547943415800
861975794293321700
861670163418140700
861622535561019400
861672265569763300
861490982050832400
861975801020862500
861958954968006700
861724220019134500
861914920656437200
860536797146865700
861811680623423500
861975803516436500
861574047846543400
860508872557170700
860468094527053800
861852424901972000
861562526668132400
861961473253421000
859797734617952300
861931100008058900
861920836047040500
861913824202457100
860529446025080800
861811616077185000
861975819727536100
861962769414967300
861975823993253900
861975825981296600
861935529742311400
856878974722596900
859414726090125300
861975834344792000
861969801153044500
861649658829049900
861942400025059300
861662545412857900
859847236649463800
861591242957652000
861593364503900200
861887167873916900
861596559401668600
861965961192198100
857883382298136600
842483365492244500
860207857161035800
861891487679885300
861975858759729200
857670759186964500
813461166101971000
861943852940361700
861975865978216400
860147335162187800
861974177888305200
861557559232262100
861687409347579900
861651855272804400
839886279294726100
861975879844364300
861975528500330500
861885699519393800
846078179303477200
861907544935211000
859391632680079400
861506148788297700
861867266702549000
861930052392497200
775730274093133800
861975897670398000
861915284319461400
861632039442886700
861975905887014900
861630662280925200
861643182303531000
861970359016239100
861276986932695000
861975912660840400
861675517765984300
861960761257717800
861676664186519600
861900683053641700
859079924056903700
850724931105108000
861975925935788000
861975928242622500
861926354492719100
861867166282416100
861550261411741700
861973207800320000
861173172359618600
861975936497066000
861650713809702900
861974797693091800
739577573651320800
860052707188539400
861662046097743900
861975945221099500
861811749430972400
861836009423687700
861542093122019300
861741008979198000
842028172782784500
861975952204726300
861951392956764200
861630954292613100
861974835227971600
857781663673323500
861944721312071700
861746001203400700
861545466793607200
861931526438694900
860473498539622400
861632039442886700
861874918136401900
861972067100569600
861936190785716200
861612773448572900
861921774832947200
861954856273293300
860056448503558100
861977060041949200
861703438106742800
861938236892954600
861886565357940700
861937751566016500
861943877967773700
861977072411041800
861630954292613100
861610227229237200
861977075737120800
861697496166395900
861958950954176500
861581811406839800
861898547943415800
855911295438270500
861672561620463600
761362917442805800
861976252814700500
861748057804767200
861977083890851800
861944333196513300
860132123814002700
861793105183473700
861975396148969500
861628409759322100
861527134128492500
861973658574528500
861724220019134500
861908430394708000
861972417593454600
861961233867649000
858706322950377500
861581468161658900
859810399230865400
861558881977237500
861665416833376300
807346595725512700
861968967598043100
861969801153044500
861977108410769400
861933374214197200
861977111292035100
861884725656338400
861974555828539400
861875988636061700
861755191837823000
861975409818316800
861928103941210100
861593364503900200
861898552305360900
861970279882510300
861840025704579100
861938982363562000
861657004363984900
861976383811182600
861962769414967300
861977125150224400
856482277697736700
861873096726384600
861977132204994600
861958687639969800
861973376306491400
861629862330630100
860434199546908700
861977136655200300
861977137523429400
860421820603936800
857177202726772700
861609413693628400
861977138500694000
861977141587718100
861856776647520300
861642829700968400
861627748871061500
861891487679885300
861977146390003700
846058547314131000
861974088293732400
860427405248409600
861722933089247200
859616808961278000
861933853140824000
853080526848241700
861862967687729200
860781188058722300
861977161820983300
861479691424845800
861977165344239600
861841027056910300
861206585439391700
861958130682540000
861976018248056800
740290552613109800
861977171459539000
861913756770631700
861574047846543400
861939227529015300
861694066081378300
861958337516245000
859709185503711200
861930108415864800
861891897811513300
861633456698249200
861824165812121600
861977185980207100
861967759395221500
861675517765984300
861910261321609200
861410357897830400
859830085653864400
858400469659656200
861534925362794500
861900189036159000
861923175889862700
855513230629900300
861860916207464400
840328987016589300
861959436117712900
861909921977204700
860529446025080800
860517148149645300
861977210198020100
861898549545414700
861540402171703300
861639964475490300
861506150189211600
728763684785295400
831790286921687000
861678915944828900
861976953020190700
715388151838023700
861958426913624000
861611664445022200
861696789120004100
861977219496849400
861966507298902000
861873173696008200
861534899949494300
808008454933778400
861972432441290800
852068787918647300
840109402560503800
860596103909175300
815704666768101400
861951392956764200
861921508964290600
861977236865302500
861506367709950000
859539714273153000
861836009423687700
841822598992408600
847430792342941700
861506148788297700
861944271657726000
861963276871245800
861977253592285200
861845705257885700
861818567057997800
861977257178484700
860388880004022300
861883624928329700
859133397712736300
861905841791746000
861977265906872300
861673943979184100
861004851119050800
861672069699969000
787034797122158600
857897152760229900
861625218657288200
861557559232262100
861977271690776600
859361831873376300
861960728370139100
861546001018048500
861977283292266500
861969588816367600
861256519513501700
861902351464099800
861876632252022800
861951372287025200
861961473253421000
861913824202457100
861930052392497200
861977289688363000
861879642118131700
861923673866940400
861975905887014900
861668021965918200
861982370597027800
859814836104028200
861596559401668600
861982293971390500
861915284319461400
860132283055059000
859573735304638500
861914920656437200
861627748871061500
861982383238545400
861975396148969500
861191891844517900
861793105183473700
859513085161336800
861696187853918200
854046872373141500
861898547943415800
861981382234525700
847195983423209500
861834663928766500
861690618124415000
861975905887014900
861967666201940000
861958337516245000
860887217031532500
861982403664822300
859165795196301300
861982404206104600
861974088293732400
861158679642599400
860872130631696400
861811616077185000
861898804836024300
861981965561598000
861974835227971600
861834418574512100
861903577127596000
861978255041146900
861385670564208600
861930052392497200
837333579432661000
860148926426513400
861661162273898500
859135596090073100
860116256799772700
861210874123628500
843492768328699900
861975725573845000
861977585030275100
861978012375552000
861748057804767200
861967397200199700
861943866961932300
857305902755463200
861718165893640200
861982439643762700
861938982363562000
861972067100569600
848264228964315100
861907544935211000
860111941443956700
861977838005743600
861964046685397000
861982456546775000
861903640461811700
861971094626070500
861676664186519600
861841027056910300
861942297788862500
861661658367774700
861982480554971100
861663497112965100
860136363693416400
861886673055084500
861746001203400700
861906903294767100
861670133009272800
861500173964509200
861982495843201000
859797734617952300
861944938728226800
861632039442886700
861931224012554200
861982504512872400
861981689106575400
860112130305077200
861687409347579900
861188888878092300
861860916207464400
860412483596673000
861551581157875700
861956965462720500
861958950954176500
861974624086761500
861657004363984900
861891058594185200
861889735320494100
858045410308476900
861242226491437000
861598125504561200
861982542290747400
861982541619892200
861651855272804400
861982545092673500
861703438106742800
861545346039676900
861611900144103400
861891897811513300
861173787705958400
861694160989978600
861943852940361700
861951492768616400
859286347034628100
861982560687140900
861982561718980600
861908430394708000
861625218657288200
861840025704579100
861820381967130600
861938819020488700
860496958640840700
861965983375802400
861226627212222500
861287481794326500
861862039450521600
861898549545414700
856955181811900400
861884725656338400
861982575631360000
861910261321609200
850766892646240300
861982577548197900
855195881812901900
861937625174880300
861836009423687700
861672287422095400
861965821526016000
861895793904685000
861535944272486400
860596103909175300
861944271657726000
861873082939695100
861982597232111600
861976252814700500
861637486102978600
861680668572569600
861891487679885300
860864739425091600
861901817977995300
861951392956764200
861811738253164500
861898552305360900
861926354492719100
861982608586141700
861893274545598500
861863065079480300
861672561620463600
861587442993946600
839921105397649400
861964028230357000
861960728370139100
861650330752131100
858623696445034500
860421996718559200
861923016233566200
856809969705943000
861638718129623000
861949723917393900
861980567285452800
861982638562656300
861982637107359700
861982640672567300
861982644656939000
860266211283796000
861342251963879400
861642375415910400
861982649761574900
861885699519393800
861593364503900200
861550216503328800
860884730216099800
861982658179416000
860019221815742500
857870650215718900
861982670879768600
860811534469148700
861696789120004100
861978218466857000
861680315152179200
861982675900530700
861634608768483300
859436051655532500
861702318609313800
861719730310307800
860690842385821700
861981603194654700
861982690744184800
861972417593454600
857670278725423100
861982694724390900
861898770031751200
861982698134396900
860056448503558100
861982699052859400
861943852940361700
861694735836213200
861977585030275100
861870103578759200
861982293971390500
860593210225074200
861965821526016000
860266211283796000
853326787509600300
861951548678709200
850414384925036500
861979694803161100
861982561718980600
861544598157578200
861950127946313700
861702318609313800
861985344690032600
861926354492719100
861868915382784000
861974088293732400
861672069699969000
861961473253421000
861983087454019600
861985353191870500
861968238380556300
861943892408664000
861978012375552000
861866757178499100
861550216503328800
860653294091370500
856347067370790900
861937625174880300
861965784477835300
861960728370139100
860895231797059600
860785840871440400
861985034546409500
861663287959793700
861542093122019300
861688433147818000
861915284319461400
861973658574528500
861985369922949100
861985370505859100
861935923952590800
861975396148969500
861848407585030100
861985274531807200
861746001203400700
861908430394708000
861687409347579900
861943877967773700
861983087177211900
861984730807488500
860390003498770400
861984469523324900
861972067100569600
861985387992010800
861891487679885300
861545214179192800
861974624086761500
861879076818223100
861971202298060800
861951492768616400
861676664186519600
861981965561598000
861985403212935200
861985404538560500
858871508227153900
861632039442886700
861985406077808600
861624933570535400
861967666201940000
861985414135107600
861278112037953500
861965983375802400
861868365534691300
861672561620463600
861985417113067500
861985418866307100
861611900144103400
861696789120004100
861970279882510300
861938982363562000
861985426155778000
861914920656437200
861491087365374000
861977583101124600
861985430836850700
861748057804767200
858622122041765900
861980534678966300
861985438936043500
861985439019921400
861985439103823900
861596559401668600
861610227229237200
861972417593454600
861974867159253000
861985441322602500
861985441427451900
861985442807386100
861841027056910300
861984055088341000
861985443566452700
857134722140561400
861951392956764200
860162432148402200
861793105183473700
861978485060980700
857257827772977200
859408789208002600
861985459722997800
861985281075015700
861607512986005500
861942297788862500
849770261968822300
861977838005743600
861596740067176400
861931399712047100
861868487928680400
861982809753141200
861906671165206500
860796425302663200
861898552305360900
861977602692706300
855911295438270500
861584577873293300
861928103941210100
861901817977995300
861974835227971600
861985498608390100
861976252814700500
861657004363984900
861840025704579100
861581811406839800
861922873073705000
861298490860867600
861645509332742100
861961722718031900
861868397944082400
861958954968006700
861985511048663000
861558881977237500
861898770031751200
861886565357940700
861985526932541400
861558809596117000
861662193858654200
861977138500694000
861881782676975600
860596103909175300
859324531630112800
861143710909771800
861921774832947200
861836009423687700
861548816025215000
861984236206673900
861958950954176500
861984998349348900
859361831873376300
860218975988228100
861927181894733800
861985555512537100
861981382234525700
861836159311335400
861887303442026500
861982357569523700
861755191837823000
861931100008058900
861956333888614400
861985565536919600
861984877029212200
861985572168060900
861979075925213200
861985573673861100
861985573472358400
861674273395617800
861985574751789000
861538245443768300
861674801248837600
861936190785716200
861984696846008300
861985579524776000
861985580787347500
861984895668637700
861985582137978900
861843916018077700
861885699519393800
859964360818516000
861534899949494300
861930052392497200
861658963183493100
861982644656939000
861522088716140500
861936171055812600
861949723917393900
861985602346070000
861839050944151600
861860916207464400
861521138102538200
861985615268786200
861811616077185000
860052707188539400
861985994182193200
861748057804767200
861977585030275100
861746001203400700
861856776647520300
861887167873916900
861965821526016000
861984696846008300
861966373496520700
861879302266253300
861958950954176500
813111633480400900
861986012377075700
861672561620463600
861984236206673900
861975396148969500
859964360818516000
861967666201940000
861871971457540100
861668730752913400
861868397944082400
861853504146722800
861903577127596000
861338185074397200
861972067100569600
861658963183493100
861701029871706100
861974088293732400
861958958516392000
861891487679885300
861951392956764200
861711795953729500
861703634765193200
861653749084942300
840676312721195000
861857105485197300
861732311234105300
861550216503328800
861986034900500500
861632039442886700
861983029216002000
861986038524198900
860162432148402200
860697687330615300
858622122041765900
861984995023265800
861868853839659000
859956412096454700
861974624086761500
861713126705778700
861898552305360900
861860916207464400
861696789120004100
861865297384529900
861886673055084500
861977908331630600
861949009962860500
861793105183473700
859522921999544300
857897262889959400
861908430394708000
861505296769794000
860218975988228100
861840025704579100
861904900506218500
861811616077185000
780840991561572400
861958130682540000
861944271657726000
861985406077808600
861782251444486100
861938982363562000
861550216503328800
861793105183473700
861974835227971600
861957186225930200
861985824774250500
861982293971390500
840970831945711600
861977585030275100
861956195531280400
861943877967773700
861937751566016500
861546001018048500
861986439487250400
861923673866940400
861889735320494100
861632039442886700
861979694803161100
861834397116510200
861873167459131400
860019221815742500
861781719749230600
861951492768616400
861975396148969500
852506721201397800
861968238380556300
861986110553157600
861609413693628400
861985441322602500
861986174855938000
861642829700968400
861984696846008300
861848693921783800
861515771343544300
861748057804767200
861746001203400700
861986464997019600
860812535343218700
861972067100569600
861713628126490600
861891058594185200
857988384740040700
861983087454019600
861951548678709200
859512171352342500
860091526537412600
861658284339716100
861618287859441700
861986478599020500
861983014137454600
861798984532230100
861781540040130600
861986481195413500
861622535561019400
861635504176980000
861985695535177700
861976252814700500
861914920656437200
861983087177211900
861986485612023800
861860878773342200
859835900947308500
861608704759799800
861977908331630600
861781213106720800
861672561620463600
861744524657295400
861908430394708000
861610972934492200
861986496605282300
861871971457540100
858877268000596000
861820381967130600
857293964701036500
858345007018848300
861854970559287300
861915349343768600
861984469523324900
861672069699969000
861985034546409500
860477840730599400
861965821526016000
861986501642510300
861244770504540200
861571382026453000
861841027056910300
861986504582803500
860473498539622400
861491087365374000
861978012375552000
861143710909771800
861906671165206500
861982561718980600
861834418574512100
861694160989978600
861426642954014700
861986511574646800
861970279882510300
861986512698605600
861986513986482200
852154361547444200
861667459258089500
861983043782819800
861818567057997800
861943852940361700
861967666201940000
861342251963879400
859286347034628100
861773269225140200
861964046685397000
861912071017046000
861562314511790100
861874918136401900
861687409347579900
861986529060810800
861539780990992400
861898547943415800
861616076756586500
861657158793998300
861694066081378300
861922873073705000
861326139566030800
861338185074397200
861893274545598500
861983049625419800
861711795953729500
860803220800753700
861755191837823000
861965947267108900
861962781142261800
861921508964290600
861915284319461400
857022169909481500
861836009423687700
859120681350553600
861628650415726600
840505695166324700
545323484067282940
861779379566780400
861966373496520700
861984236206673900
861653547909296100
861918927311392800
861986563852345300
861983077916065800
861860916207464400
827643514498453500
861762880646946800
861540116837302300
861841677564223500
861661438225600500
861886565357940700
859799827218972700
861696187853918200
861574047846543400
861986575906951200
861954856273293300
861981965561598000
825812037431414800
860434199546908700
847995550704300000
861233555707265000
861963415652376600
861928754443989000
861961473253421000
861913824202457100
860865962941218800
861543864993271800
861862039450521600
861905841791746000
859699807698530300
860622256858427400
768046618264371200
861983063739215900
861982699086655500
861986611579375600
860218975988228100
861986612967858200
854244570825097200
861040792323977200
861557052157702100
861661162273898500
861634236469719000
861921357696835600
861762700568920000
861943684912361500
861544808132825100
861668730752913400
861898549545414700
861984055088341000
861761007340757000
861878321730265100
861868397944082400
861949723917393900
861983239962939400
856491176169439200
861779010149208000
861680054769786900
861840025704579100
861675517765984300
861793105183473700
860561480521052200
861965821526016000
861973658574528500
807346595725512700
861746001203400700
861984696846008300
861908430394708000
861957186225930200
861954856273293300
861550216503328800
861840025704579100
861886565357940700
857902596224417800
861647005369684000
861898547943415800
762376742082347000
861986174855938000
861959436117712900
861747823527825400
861661438225600500
860242978622906400
859755879868112900
861854970559287300
854285791555670000
861672561620463600
858689909707690000
861970279882510300
857192773207961600
861937124504895500
845630627537965000
861721955979886600
861960728370139100
861748057804767200
861385193743102000
861969801153044500
861830595780853800
861818567057997800
861938593799045100
861901446962458600
861982226363306000
856508561018544100
861630954292613100
861627748871061500
861975396148969500
861657004363984900
861724220019134500
859709185503711200
861988041250017300
855233824858546200
861976252814700500
861762880646946800
861874918136401900
775032426254901200
861988055728529400
861926890176643100
841276610842120200
827210092407824400
861672287422095400
861982561718980600
861988061848244200
839185216384208900
861937625174880300
860785840871440400
861975905887014900
861337372356751400
861884725656338400
861568730102476800
861959826666074100
861860916207464400
811919225686282200
861972067100569600
861880945674244100
861988078688374800
861983087177211900
850362113117868000
861914920656437200
861958130682540000
861921774832947200
861977585030275100
861713628126490600
857977474336030700
858048934996041700
839475991445651500
861797493213888500
861244770504540200
861912071017046000
842714446007013400
857611600521560000
861943877967773700
861604909023625200
861974867159253000
858122977686179800
861323208326344700
828265715471892500
861988102566555600
861943866961932300
861986929386106900
861625218657288200
745708419609305100
861921357696835600
861798984532230100
840328923976089600
861926354492719100
861915284319461400
861711795953729500
861967666201940000
861839760611999700
861632039442886700
861836009423687700
861974088293732400
861988135269544000
861608704759799800
861687409347579900
861521074286202900
861981770736181200
861988143381327900
861571382026453000
861987222026846200
631928001953796100
861967759395221500
861938982363562000
861981965561598000
861694351293993000
861862039450521600
861958950954176500
861868915382784000
861841027056910300
848719383861919700
861930052392497200
858921830211395600
861946073140543500
861717381495668700
860099207801315300
860162138479972400
861978012375552000
861642405401038800
861988170686013400
861982293971390500
861622535561019400
860603785764327400
861898770031751200
855911295438270500
861887785233416200
861676664186519600
861965784477835300
861857587922382800
861741008979198000
861987309528506400
861933374214197200
861961292415762400
855375582053507100
861853298009272300
861610972934492200
860162432148402200
842495718757711900
860529919469600800
861898804836024300
859424088103768000
861975409818316800
796072253985267700
858622122041765900
860655391054680000
861988208162119700
860596103909175300
861918264464736300
861988216043208700
861879789040357400
861680054769786900
857739009677590500
861770705700098000
861978255041146900
861886472428945400
861978218466857000
861988226822754300
861873082939695100
861886673055084500
532941033512783900
861988230022877200
861696187853918200
861672069699969000
861988232640245800
861985824774250500
859686582881841200
861355471172771800
351410566948065300
861985406077808600
861650330752131100
674621987508068400
861988245856436200
861961233867649000
860541241011949600
861256519513501700
794273376747429900
861939207673184300
849638062275661800
861711465543118800
861939560133124100
847430792342941700
861736232962936800
861988264600756200
861879076818223100
860421996718559200
558308262441783300
861653167271968800
861947883544756200
839523969447391200
861672069699969000
861951813507051500
861711795953729500
861898547943415800
861977583101124600
860620887715967000
861977585030275100
861596559401668600
861978012375552000
861904900506218500
861566714076692500
861989058028982300
861983087177211900
861893274545598500
861898552305360900
861978485060980700
861860916207464400
861965547650633700
861672561620463600
861974867159253000
861793105183473700
861943877967773700
861694351293993000
861960728370139100
838474142676496400
861929334726176800
861988760254201900
861986174855938000
861951392956764200
861951492768616400
857616083121045500
861886565357940700
861748057804767200
860523257426042900
861942400025059300
861901817977995300
861984364854378500
861818567057997800
860388880004022300
861961233867649000
861964560152109000
861843719842127900
861713628126490600
861989433796591600
861967666201940000
861943852940361700
861830595780853800
861983087454019600
855119753710633000
861481570980462600
861824165812121600
861989444202582000
861989445276487700
860162432148402200
858426169515020300
861985406077808600
839921105397649400
861711465543118800
835031744122400800
861961473253421000
861989458870128600
850725191839830000
861974835227971600
861647005369684000
861511127896862700
861746001203400700
861906110499913700
861974088293732400
861773350384926700
861975396148969500
859699807698530300
861840025704579100
861989469200580600
861550216503328800
861947783154081800
861755191837823000
861989473822810100
859935623179841500
861972417593454600
861982561718980600
861977602692706300
855911295438270500
861385670564208600
861986884305682400
861907925366968300
861989484161781800
861989483876626400
861355471172771800
861923175889862700
861632039442886700
861870103578759200
861989487727038500
861844384651890700
861233555707265000
849265376596832300
861986929386106900
847494297737875500
840007955328131100
861744524657295400
861324776299786200
861978274381131800
861965784477835300
861967571783827500
861969801153044500
861857105485197300
861989504642539500
861985852284686300
861841027056910300
859378481938878500
861810582575611900
857176233385369600
861531707903791100
861877624016162800
826490424739127300
861986439487250400
841605920698323000
861989518181904400
860803891155394600
861900683053641700
860099207801315300
861517229048856600
850092135143624700
859782445843066900
861972432441290800
860472921076183000
861672265569763300
859086555490775000
861713126705778700
861543864993271800
859932549434425300
861989535953166300
861873096726384600
861972067100569600
861989543976808400
861989548410236900
861663238743879700
861989551186772000
861836009423687700
861951548678709200
730820550239477800
861885699519393800
861867166282416100
861944260345704400
861989559332110300
809285149846306800
847087202601521200
861989561848610800
856609957919064000
861989565774606300
860561582790717400
861989568161226800
861545346039676900
607653263840837600
811493397093646300
861717381495668700
857289582450286600
860253632524161000
810824556499861500
861680315152179200
852937526507712500
818400173579731000
837462207868858400
861980567285452800
859823179107369000
861989583160049700
861784599478890500
861699533474025500
861887167873916900
861859509605724200
861880769987391500
861856776647520300
861687409347579900
861657004363984900
861954856273293300
861965983375802400
861876632252022800
861883624928329700
861989602143330300
861930052392497200
861989603204620300
859361831873376300
861989604982784000
861985824774250500
861921774832947200
861989607302459400
861264625601478700
861719618116866000
861989610141954000
861868533600452600
859391632680079400
861783386104496100
861989614583775200
861989618035470300
860893714809487400
856460482466787300
692104481148903400
861264404209381400
861646853959503900
859806776673398800
861797493213888500
857543622983548900
857222663005237200
861991439496081400
861986929386106900
861904900506218500
838886710750564400
861974624086761500
861943877967773700
861974835227971600
861839050944151600
861992307117236200
861601556612997100
859079924056903700
861990321437245400
858689909707690000
861672561620463600
861977585030275100
861923016233566200
861672069699969000
846945233984241700
861938982363562000
861991859543035900
861982561718980600
861672287422095400
861625805797019600
861781213106720800
861991348295127000
858028365588168700
861830595780853800
861910261321609200
861986174855938000
861968238380556300
861903640461811700
842132278826352600
861992331679072300
861942297788862500
861923175889862700
859772104799010800
861975409818316800
861781540040130600
861755191837823000
861928770235662300
861958954968006700
861982293971390500
861951392956764200
861784448085274600
851007879687659500
861624933570535400
857190282923835400
861961473253421000
861992348166877200
861936418691711000
861985406077808600
861574516660723700
861873167459131400
861658963183493100
861580019600154600
861782066354049000
861907787969953800
861972067100569600
861650330752131100
860914571678289900
640200670893736000
809406345980022800
861891487679885300
861562590828273700
861923673866940400
861859283800965100
812637258213969900
861980408455585800
861836009423687700
861544598157578200
861779201845841900
861989535953166300
861992386255245300
861992385936584700
861959436117712900
861879302266253300
861075919884222500
861992394799099900
860162432148402200
861975396148969500
861955235933294600
861860916207464400
861951813507051500
861626777734488000
728631516130123800
860267487715360800
861990546541342700
854470432250105900
856501029998919700
861905458147283000
859068431802302500
861977838005743600
861840025704579100
861568730102476800
861804745639555100
861876632252022800
861951492768616400
861841027056910300
858682587707048000
861536448268423200
861713126705778700
861599581968224300
854373593827999700
861940860698677200
848848549324435500
678213223733182500
861949723917393900
861887167873916900
861854970559287300
861558810485420000
861991784972513300
861920836047040500
861596559401668600
861907925366968300
861550216503328800
859718553477435400
861933599993606100
861958950954176500
861793105183473700
861975905887014900
861718805029847000
832035544628465700
806532680472989700
860803220800753700
861762880646946800
861551281646731300
861992452047032300
861958907350143000
861687409347579900
861841677564223500
861968967598043100
861992461064966100
861974555828539400
730941016841150500
861992462574698500
861889735320494100
861845816083976200
861992466920214500
861928103941210100
861603441470312400
861686123998982100
861968721836994600
861724220019134500
861719730310307800
861986655464558600
809458695616634900
861880180259901400
834472196777136100
861977602692706300
861546001018048500
861506141641224200
861959862456078300
861978012375552000
861712568460599300
861951548678709200
807346595725512700
860559481893257200
861853298009272300
860965025426616300
858216564876861400
861557559232262100
861900493605482500
861643182303531000
722501194841735200
861868397944082400
861989058028982300
861854333264162800
861490954808807400
854343008652845000
861696789120004100
861992522385690600
861853504146722800
861860939674603500
861611900144103400
861213254470598700
861874918136401900
861974088293732400
861976383811182600
860864323643682800
861592527404769300
861746001203400700
629321176603439100
861326588952137700
703250192242446300
861534899949494300
859424088103768000
861584577873293300
861748057804767200
859453612035948500
861978992760500200
850025635028369400
861909299861360600
813927550187663400
806568420221321200
858931569901416400
861657004363984900
859165540216188900
861992555642314800
861975725573845000
861167287872704500
861984696846008300
861958130682540000
